Traffic Loading Report
----------------------

Traffic source: Traffic from traffic database                     

Circuit-switched blocking probability:   1.00%

Circuit-switched average call duration:   1.76 minutes

Percent of total traffic carried by group: 100.00 %

          Circuit Traffic  Circuit Traffic   Number of    Channel  Current Blocking Packet Traffic
Sector ID   (mErlangs)    Required Channels Channels Set Shortfall Probability (%)  (average mbps)
--------- --------------- ----------------- ------------ --------- ---------------- --------------
ABAA0001      1313.79              6              8          -2          0.01          1.3138
ABAA0002       305.97              3              8          -5          0.00          0.3060
ABAA0003       458.98              4              8          -4          0.00          0.4590
ABAB0001      6155.43             14             16          -2          0.07          6.1554
ABAC0001        50.99              2              8          -6          0.00          0.0510
ABAC0002      1808.87              7              8          -1          0.06          1.8089
ABAD0001      6980.74             15             16          -1          0.25          6.9807
ABAD0002      5393.69             13             16          -3          0.02          5.3937
ABAF0001     19808.11             32             32           0          0.79         19.8081
ABAF0002     15464.02             26             32          -6          0.02         15.4640
ABAF0003     17198.34             29             32          -3          0.10         17.1983
ABAG0001     17428.65             29             32          -3          0.12         17.4287
ABAG0002     14093.03             25             32          -7          0.00         14.0930
ABAG0003     17023.45             28             32          -4          0.08         17.0234
ABAH0001      2540.76              8              8           0          0.50          2.5408
ABAH0003       779.87              4              8          -4          0.00          0.7799
ABAI0001      4163.53             11             16          -5          0.00          4.1635
ABAJ0001      1916.81              7              8          -1          0.09          1.9168
ABAJ0002       926.79              5              8          -3          0.00          0.9268
ABAK0002        14.99              2              8          -6          0.00          0.0150
ABAL0001      1736.55              6              8          -2          0.05          1.7365
ABAL0002      2393.90              8              8           0          0.35          2.3939
ABAL0003       863.78              5              8          -3          0.00          0.8638
ABAM0001     14179.76             25             32          -7          0.00         14.1798
ABAM0002      1508.77              6              8          -2          0.02          1.5088
ABAN0001     11726.01             22             24          -2          0.12         11.7260
ABAN0002      6059.43             14             16          -2          0.06          6.0594
ABAO0001     18718.33             31             32          -1          0.35         18.7183
ABAP0001      1856.83              7              8          -1          0.07          1.8568
ABAP0002      2699.78              8              8           0          0.71          2.6998
ABAP0003      2813.56              8              8           0          0.90          2.8136
ABAQ0001      3713.76             10             16          -6          0.00          3.7138
ABAR0003       899.86              5              8          -3          0.00          0.8999
ABAS0003       371.98              3              8          -5          0.00          0.3720
ABAT0002      6935.53             15             16          -1          0.24          6.9355
ABAU0001      4409.60             11             16          -5          0.00          4.4096
ABAU0002      2840.64              8              8           0          0.95          2.8406
ABAV0001     11350.83             21             24          -3          0.08         11.3508
ABAV0002     26389.06             40             48          -8          0.00         26.3891
ABAV0003     11488.92             21             24          -3          0.09         11.4889
ABAW0001       518.93              4              8          -4          0.00          0.5189
ABAW0002        83.99              2              8          -6          0.00          0.0840
ABAW0003        74.95              2              8          -6          0.00          0.0750
ABAX0003      2210.73              7              8          -1          0.21          2.2107
ABAY0002      1853.73              7              8          -1          0.07          1.8537
ABAY0003      1454.87              6              8          -2          0.01          1.4549
ABAZ0001       905.85              5              8          -3          0.00          0.9058
ABBA0001       305.94              3              8          -5          0.00          0.3059
ABBB0001        14.99              2              8          -6          0.00          0.0150
ABBB0002        11.99              2              8          -6          0.00          0.0120
ABBB0003       134.99              2              8          -6          0.00          0.1350
ABBC0002     12005.68             22             24          -2          0.16         12.0057
ABBD0003      4991.69             12             16          -4          0.01          4.9917
ABBE0003      5588.46             13             16          -3          0.02          5.5885
ABBF0002      1439.78              6              8          -2          0.01          1.4398
ABBG0003      2357.71              8              8           0          0.32          2.3577
ABBH0001      2459.77              8              8           0          0.41          2.4598
ABBI0002       845.96              5              8          -3          0.00          0.8460
ABBI0003      1334.85              6              8          -2          0.01          1.3348
ABBJ0001      7493.07             16             16           0          0.49          7.4931
ABBK0001      1610.94              6              8          -2          0.03          1.6109
ABBK0002       101.99              2              8          -6          0.00          0.1020
ABBL0001     13981.97             25             32          -7          0.00         13.9820
