-122.58254434087, 44.6307237765875, 1276.1
-122.580828554333, 44.6466888784624, 1251.74
-122.593306645306, 44.6349961277935, 1219.48
-122.583195128897, 44.4825406479178, 1188.23
-122.581812354211, 44.4899610473808, 1148.39
-122.590684610242, 44.6532098355662, 1123.58
-122.601668552848, 44.6424165272565, 1122.98
-122.599883339032, 44.629149752459, 1120.36
-122.605739420974, 44.6316232189467, 1121.05
-122.586813085274, 44.4973814468438, 1095.56
-122.59501834455, 44.6192558865084, 1086.44
-122.59004245634, 44.49086048974, 1043.42
-122.610126336836, 44.6482629025909, 1029.4
-122.607457200968, 44.6311734977671, 1111.89
-122.620006763476, 44.6316232189467, 966.999
-122.583323969109, 44.4825406479179, 1188.9
-122.594879880281, 44.5050267068966, 957.647
-122.601556342359, 44.5025532404089, 945.637
-122.607610513897, 44.5081747551536, 920.759
-122.609131778995, 44.5016537980497, 907.902
-122.603359214415, 44.5117725245902, 895.348
-122.617449867692, 44.5133465487187, 889.645
-122.625026204402, 44.5117725245902, 883.489
-122.615997922698, 44.5059261492557, 882.556
-122.619903388264, 44.4998549133315, 861.365
-122.621586844554, 44.5342585835689, 853.688
-122.623361182447, 44.5207669481816, 851.877
-122.62737322034, 44.5007543556906, 825.748
-122.60328645375, 44.482315787328, 824.713
-122.582307974922, 44.6741218704165, 811.035
-122.644988160709, 44.5632655996514, 804.486
-122.593240188701, 44.6041902269927, 786.955
-122.592548817947, 44.7375325567364, 784.85
-122.63252581899, 44.4964820044846, 786.247
-122.609955731521, 44.4699484548898, 783.108
-122.580860761997, 44.8333231679857, 784.722
-122.628137095097, 44.5308856747221, 777.357
-122.588925110161, 44.8317491438572, 774.505
-122.638329608057, 44.5081747551536, 767.044
-122.638474888435, 44.5574192243169, 765.199
-122.585033770974, 44.6801931063407, 761.197
-122.592431367012, 44.6732224280573, 760.874
-122.625791384034, 44.668275495082, 759.547
-122.580753143595, 44.8524363181176, 759.398
-122.60915131583, 44.4800671814302, 802.133
-122.60247566202, 44.5266133235161, 755.403
-122.596660306313, 44.8357966344734, 752.194
-122.591805502587, 44.8641290687865, 741.857
-122.604275032937, 44.8342226103449, 738.664
-122.589994190422, 44.8542352028359, 738.713
-122.642322292999, 44.6482629025909, 738.461
-122.589089803087, 44.8317491438572, 774.505
-122.610823978761, 44.8366960768325, 719.942
-122.635162348984, 44.6023913422744, 717.957
-122.645792025883, 44.6183564441493, 718.57
-122.638419439375, 44.621729352996, 713.713
-122.583416281273, 44.5933969186829, 710.829
-122.602462748735, 44.7357336720181, 705.279
-122.638360658202, 44.5524722913416, 709.665
-122.58161960678, 44.4575811224515, 699.287
-122.625008410023, 44.4668004066327, 697.339
-122.644105043609, 44.5266133235161, 694.335
-122.621824002796, 44.830849701498, 693.696
-122.622441810512, 44.4766942725834, 679.528
-122.635966599018, 44.4724219213774, 681.154
-122.61400458141, 44.6759207551347, 674.462
-122.65326173423, 44.5025532404089, 673.025
-122.590885369803, 44.6842405969569, 660.278
-122.588164627989, 44.8483888275014, 661.507
-122.625776258576, 44.5441524495195, 654.818
-122.62294172998, 44.4823157873281, 722.093
-122.630782785459, 44.830849701498, 657.626
-122.649202945946, 44.6541092779254, 649.087
-122.582668170254, 44.7332602055304, 643.474
-122.625722210411, 44.668275495082, 759.03
-122.638261107019, 44.6574821867722, 642.573
-122.638333688663, 44.557419224317, 765.932
-122.653327105495, 44.5749583503203, 639.701
-122.6666810641, 44.5616915755229, 649.31
-122.632540240461, 44.6734472886471, 636.209
-122.635701906741, 44.4809666237893, 634.733
-122.608219840655, 44.7323607631713, 635.261
-122.620814630298, 44.8234293020351, 633.795
-122.627592763403, 44.5508982672131, 629.766
-122.606681897833, 44.8609810205295, 631.131
-122.634301850915, 44.8450159186547, 629.087
-122.59256274234, 44.6916609964198, 627.473
-122.661518139355, 44.6457894361033, 625.211
-122.635007402133, 44.4856886961749, 623.781
-122.638181829367, 44.675695894545, 622.994
-122.636692520136, 44.5423535648012, 618.083
-122.635900267851, 44.8209558355474, 618.259
-122.612484967951, 44.8499628516299, 615.231
-122.660140724408, 44.5616915755229, 617.602
-122.645759442434, 44.6781693610326, 611.948
-122.602390125364, 44.542578425391, 612.102
-122.605121091697, 44.5475253583663, 612.848
-122.653287743297, 44.4960322833051, 608.395
-122.649125115027, 44.5333591412097, 603.751
-122.589126250913, 44.5540463154701, 602.831
-122.624276582681, 44.8490634092708, 602.19
-122.640680329306, 44.8366960768325, 597.262
-122.591602487925, 44.7458523985585, 599.485
-122.579265788682, 44.727413830196, 595.984
-122.597406651313, 44.4598297283494, 593.977
-122.884866191081, 44.4332961787545, 592.254
-122.657317453373, 44.49086048974, 592.253
-122.660016177344, 44.4467878141417, 592.943
-122.634188923937, 44.8517617363482, 591.271
-122.670111531928, 44.6538844173356, 588.197
-122.899170787801, 44.4234023128038, 595.01
-122.651627196333, 44.8407435674487, 586.705
-122.658369803482, 44.6325226613058, 584.883
-122.612481645984, 44.5441524495195, 582.798
-122.64848747115, 44.6849151787262, 581.652
-122.613333246295, 44.5542711760599, 580.373
-122.670112661937, 44.4425154629357, 582.012
-122.650156657695, 44.8357966344734, 580.82
-122.629130955793, 44.8166834843415, 578.995
-122.604892043234, 44.4566816800923, 577.599
-122.585098048512, 44.6799682457508, 760.632
-122.602556416989, 44.5551706184191, 571.21
-122.652621895568, 44.8524363181176, 571.707
-122.659233765701, 44.5299862323629, 573.499
-122.621701086541, 44.8567086693236, 574.413
-122.644753247213, 44.8265773502921, 569.786
-122.597624582934, 44.8225298596759, 571.567
-122.585790877174, 44.8175829267006, 569.724
-122.581605254171, 44.4575811224515, 699.188
-122.655860039717, 44.8474893851423, 569.965
-122.586744006449, 44.7233663395798, 569.138
-122.651020687351, 44.4892864656115, 570.909
-122.579974539567, 44.7215674548615, 565.578
-122.649102428387, 44.5392055165442, 568.587
-122.634244339648, 44.8450159186546, 629.426
-122.608402117601, 44.6950339052666, 560.857
-122.587468598891, 44.6981819535237, 559.308
-122.659190481873, 44.8524363181176, 559.28
-122.644928136742, 44.8198315325985, 563.52
-122.605827038225, 44.4499358623987, 561.471
-122.607365741998, 44.6849151787262, 591.927
-122.635146764118, 44.4542082136047, 550.117
-122.60162593764, 44.6950339052666, 549.389
-122.64409590658, 44.4766942725834, 548.543
-122.618299591061, 44.6950339052666, 549.502
-122.601719055374, 44.7215674548615, 544.577
-122.663257960805, 44.5266133235161, 552.836
-122.6590487588, 44.5198675058225, 543.337
-122.641656386338, 44.4575811224515, 544.577
-122.656618810096, 44.4416160205766, 547.021
-122.599054266716, 44.747426422687, 542.101
-122.590116581415, 44.5632655996514, 539.546
-122.653336023239, 44.4850141144055, 541.643
-122.648320034747, 44.8632296264274, 537.849
-122.640681337431, 44.7008802806011, 536.164
-122.583279156959, 44.8133105754946, 532.857
-122.658457196174, 44.6109360446863, 535.32
-122.627434395248, 44.8607561599397, 529.979
-122.591656976589, 44.751698773893, 531.906
-122.608241350849, 44.5906985916054, 531.327
-122.666747203833, 44.486588138534, 529.949
-122.653263237831, 44.4483618382702, 530.905
-122.65323199914, 44.5099736398719, 530.368
-122.616671952049, 44.8175829267006, 528.22
-122.603183067175, 44.8157840419823, 526.624
-122.680666419655, 44.6568076050028, 524.292
-122.678985585309, 44.6475883208216, 523.188
-122.606652764529, 44.5650644843697, 523.79
-122.66161906028, 44.8241038838044, 524.521
-122.623437303967, 44.7575451492275, 525.727
-122.595721814948, 44.5691119749859, 520.399
-122.602464489324, 44.555170618419, 571.334
-122.660795975055, 44.510873082231, 518.438
-122.63241824892, 44.7008802806011, 519.197
-122.920805015475, 44.4225028704447, 517.902
-122.664229589078, 44.8616556022989, 514.668
-122.912572996718, 44.4191299615979, 515.232
-122.593436208756, 44.8101625272376, 511.305
-122.630751978121, 44.7391065808649, 516.903
-122.635684077766, 44.6867140634445, 514.246
-122.628408586374, 44.6001427363765, 511.95
-122.67243130392, 44.4366690876013, 515.513
-122.869165433454, 44.434870202883, 513.527
-122.662507254151, 44.6583816291313, 508.073
-122.616601482269, 44.5684373932165, 510.516
-122.672746617899, 44.6266762859714, 511.723
-122.619942532424, 44.5958703851705, 509.608
-122.905916803839, 44.4198045433672, 507.478
-122.633113860152, 44.5958703851705, 508.766
-122.6143229417, 44.5924974763237, 505.957
-122.664972315828, 44.8443413368853, 505.757
-122.631683211862, 44.7633915245619, 505.618
-122.663265052895, 44.581704168014, 507.072
-122.65573938175, 44.8209558355474, 507.559
-122.615708068923, 44.75484682215, 504.674
-122.610654952191, 44.751698773893, 504.709
-122.871464370241, 44.4225028704447, 505.721
-122.676661956398, 44.8324237256266, 503.807
-122.609017478151, 44.570011417345, 504.541
-122.613487904874, 44.5967698275297, 503.321
-122.637346301936, 44.5783312591671, 501.994
-122.61072707743, 44.8124111331355, 502.327
-122.622437697826, 44.7483258650462, 500.475
-122.65745969763, 44.5342585835689, 534.749
-122.671684089824, 44.5149205728472, 503.481
-122.660801231482, 44.4533087712455, 495.491
-122.970756473486, 44.4422906023459, 495.515
-122.891613543979, 44.4440894870643, 496.454
-122.67084102326, 44.8508622939891, 490.835
-122.670879371347, 44.8409684280385, 490.311
-122.634208412763, 44.8650285111457, 488.758
-122.672499673805, 44.845690500424, 487.799
-122.670869371366, 44.6325226613058, 490.778
-122.617388633946, 44.5733843261918, 486.85
-122.635792887847, 44.7449529561994, 486.733
-122.585848535283, 44.8067896183908, 482.513
-122.678347336083, 44.5398800983135, 482.969
-122.593380342511, 44.420029403957, 481.086
-122.674800046346, 44.5358326076974, 479.993
-122.684046971735, 44.5216663905408, 479.711
-122.915101156783, 44.4449889294234, 480.508
-122.637402309612, 44.7465269803279, 483.744
-122.683322154708, 44.6507363690786, 494.847
-122.672655572122, 44.8632296264274, 480.258
-122.688338358074, 44.5059261492557, 479.525
-122.656579786674, 44.4733213637366, 477.726
-122.66239949255, 44.6858146210854, 478.713
-122.638380849214, 44.4449889294234, 474.709
-122.690934468728, 44.8450159186546, 476.271
-122.628320241, 44.748550725636, 472.992
-122.664246915343, 44.4816412055587, 477.745
-122.665820306663, 44.4584805648106, 473.585
-122.87834583052, 44.4240768945732, 482.237
-122.658149555403, 44.5416789830318, 477.74
-122.66751218536, 44.6149835353025, 472.927
-122.641821440841, 44.7624920822028, 468.932
-122.638269896202, 44.7566457068683, 470.596
-122.671589317721, 44.4807417631995, 471.032
-122.593319296053, 44.5891245674769, 465.87
-122.630682298456, 44.7541722403806, 466.441
-122.62495546247, 44.4492612806293, 468.159
-122.631615668315, 44.4483618382702, 464.603
-122.924145529312, 44.4458883717825, 464.734
-122.6700565657, 44.8216304173168, 471.164
-122.727544856241, 44.6725478462879, 462.822
-122.674299437763, 44.5493242430846, 462.471
-122.617529001328, 44.8099376666478, 460.639
-122.600836504227, 44.8067896183908, 460.527
-122.73247612286, 44.6685003556718, 459.141
-122.59657590621, 44.4458883717825, 459.066
-122.895167925613, 44.4326215969851, 457.9
-122.685008566695, 44.8542352028359, 465.702
-122.667525150005, 44.5533717337008, 461.757
-122.679268892208, 44.8517617363482, 455.691
-122.681543723006, 44.6399430607688, 460.51
-122.682544484596, 44.4265503610609, 458.03
-122.581575148352, 44.5756329320897, 455.443
-122.860940623798, 44.4209288463162, 454.271
-122.679149739856, 44.4816412055587, 457.692
-122.676816539786, 44.49086048974, 453.131
-122.94156345668, 44.4508353047579, 455.86
-122.648250028008, 44.4416160205766, 449.483
-122.679892988122, 44.8434418945261, 454.968
-122.65403194744, 44.7642909669211, 451.205
-122.908441629926, 44.4452137900132, 450.42
-122.679088822578, 44.6199304682778, 448.652
-122.902500890114, 44.434870202883, 450.907
-122.669118915218, 44.5841776345016, 446.49
-122.687410471489, 44.4748953878651, 446.566
-122.679070401956, 44.5025532404089, 447.044
-122.736625755941, 44.6716484039288, 446.718
-122.676718822187, 44.8324237256266, 503.47
-122.613231145623, 44.4357696452421, 448.006
-122.704153765516, 44.434870202883, 447.06
-122.693241671593, 44.6516358114377, 442.566
-122.676648512738, 44.4757948302242, 441.503
-122.65822758039, 44.6673760527228, 440.113
-122.713323053804, 44.4373436693706, 437.808
-122.68826542674, 44.8198315325985, 442.962
-122.665792192955, 44.4659009642736, 436.888
-122.640939558181, 44.4357696452421, 445.149
-122.744893656459, 44.6700743798003, 436.528
-122.695204497556, 44.4733213637366, 436.86
-122.858366844344, 44.4357696452421, 437.265
-122.651746585797, 44.7051526318071, 435.734
-122.697636798246, 44.4332961787545, 437.352
-122.893323632876, 44.4175559374694, 432.778
-122.695729792837, 44.8191569508291, 436.121
-122.610819912289, 44.5799052832956, 432.499
-122.724179128329, 44.6799682457509, 428.602
-122.699168307804, 44.660855095619, 428.916
-122.68170366326, 44.4726467819672, 437.38
-122.875010958749, 44.4434149052949, 428.16
-122.854270998505, 44.4391425540889, 431.961
-122.672575937411, 44.5882251251178, 429.147
-122.90183133403, 44.4674749884021, 430.682
-122.899847153169, 44.4449889294234, 428.792
-122.707396971459, 44.8542352028359, 429.745
-122.730953638479, 44.6792936639815, 428.362
-122.929187234888, 44.4499358623987, 427.267
-122.587630808918, 44.42744980342, 427.591
-122.736826271226, 44.68086768811, 423.379
-122.960162508851, 44.5050267068966, 434.856
-122.660873001784, 44.434870202883, 428.157
-122.968997420297, 44.5099736398719, 422.689
-122.664044931941, 44.7948720071321, 421.764
-122.668208176735, 44.6664766103637, 421.297
-122.734956049777, 44.6858146210854, 419.814
-122.729916311567, 44.4400419964481, 418.653
-122.682456181743, 44.6125100688148, 417.816
-122.885852547702, 44.4483618382702, 419.667
-122.655815193644, 44.7483258650462, 415.714
-122.718242709823, 44.4323967363953, 419.112
-122.739179493641, 44.4416160205766, 415.011
-122.678240983282, 44.6667014709535, 418.03
-122.911552675683, 44.4659009642736, 413.7
-122.731776116195, 44.4341956211136, 420.624
-122.612511472816, 44.7058272135764, 416.922
-122.920133689417, 44.4299232699077, 413.579
-122.749936959021, 44.6765953369041, 412.401
-122.690871055143, 44.8632296264274, 410.857
-122.74153014974, 44.6765953369041, 411.723
-122.595767985208, 44.4283492457792, 414.032
-122.985189649122, 44.4366690876013, 410.943
-122.725797549585, 44.4326215969851, 407.622
-122.85257624118, 44.4191299615979, 406.344
-122.589357296339, 44.5792307015263, 403.871
-122.645780110251, 44.4299232699077, 403.17
-122.705846627553, 44.5515728489825, 403.624
-122.894133193923, 44.4508353047579, 399.811
-122.745905973837, 44.68086768811, 397.796
-122.610323793732, 44.4492612806294, 532.908
-122.716661540998, 44.6100366023271, 400.582
-122.709216657716, 44.8225298596759, 403.2
-122.645770160301, 44.6950339052666, 399.755
-122.680729182865, 44.8607561599397, 391.759
-122.687598418998, 44.5484248007255, 402.947
-122.840985090802, 44.4551076559638, 391.589
-122.732400709713, 44.695708487036, 392.391
-122.896653697752, 44.4632026371961, 390.521
-122.759385573347, 44.6750213127756, 389.91
-122.826681719679, 44.4483618382702, 396.352
-122.669143256451, 44.577431816808, 388.282
-122.706790412681, 44.6500617873092, 388.481
-122.622056771482, 44.5965449669399, 497.416
-122.744168097046, 44.6889626693424, 387.994
-122.675688500653, 44.5758577926795, 388.671
-122.694951873157, 44.6125100688148, 388.522
-122.683413028453, 44.759119173356, 384.865
-122.941537669631, 44.420029403957, 385.04
-122.745866898436, 44.6959333476258, 384.673
-122.652494445928, 44.7950968677219, 382.827
-122.705130463375, 44.771711366384, 380.045
-122.71496448498, 44.6781693610326, 383.289
-122.84670440585, 44.4499358623987, 384.85
-122.67340733406, 44.6066636934803, 382.777
-122.71079683119, 44.653434696156, 379.26
-122.896653464787, 44.4582557042208, 378.7
-122.753393179641, 44.4425154629357, 377.751
-122.618978590983, 44.7240409213492, 374.966
-122.677405904902, 44.6723229856982, 375.182
-122.706635017305, 44.6500617873093, 388.547
-122.76741255392, 44.6799682457509, 371.549
-122.772464843782, 44.6840157363671, 370.843
-122.6866610559, 44.6224039347654, 370.765
-122.690633218162, 44.7624920822028, 369.957
-122.759084225776, 44.4533087712455, 369.453
-122.710013649673, 44.643990551385, 370.569
-122.83157808451, 44.4557822377332, 371.149
-122.744155114598, 44.4425154629357, 400.843
-122.594843904795, 44.7831792564632, 369.687
-122.693324798667, 44.7582197309968, 367.855
-122.678415351618, 44.5823787497833, 370.59
-122.750123755076, 44.6916609964198, 369.547
-122.68422417765, 44.4809666237893, 437.601
-122.874983841688, 44.5266133235161, 369.704
-122.72006581182, 44.8607561599397, 364.586
-122.889092419247, 44.4607291707085, 366.157
-122.746759776048, 44.4490364200396, 369.576
-122.690929578147, 44.4859135567646, 365.29
-122.59982067536, 44.7575451492274, 362.011
-122.686021208946, 44.447462395911, 363.434
-122.696552663337, 44.5540463154701, 362.296
-122.783268357234, 44.6799682457509, 360.064
-122.713414003237, 44.5524722913416, 358.159
-122.711552167961, 44.6732224280573, 356.477
-122.685165905439, 44.4600545889391, 360.934
-122.606558291419, 44.420029403957, 354.663
-122.70181226998, 44.7615926398436, 356.225
-122.676583270425, 44.8324237256266, 503.635
-122.596748057034, 44.7033537470888, 353.325
-122.686625371564, 44.5691119749859, 355.244
-122.720865248205, 44.4425154629357, 353.548
-122.68592181451, 44.827701653241, 349.949
-122.640837027409, 44.700880280601, 536.422
-122.709307465788, 44.7692378998964, 350.529
-122.754944614899, 44.6975073717543, 353.43
-122.819241391336, 44.5315602564914, 352.042
-122.708382468377, 44.7575451492274, 351.603
-122.708399612516, 44.5423535648012, 347.835
-122.705072102659, 44.4708478972489, 349.832
-123.122598379405, 44.8549097846053, 347.353
-122.68822054992, 44.8317491438572, 346.324
-122.6925003126, 44.8243287443942, 345.995
-122.919115313494, 44.4674749884021, 346.64
-122.684032178397, 44.5882251251178, 343.41
-122.689872478919, 44.5558452001884, 343.842
-122.651770796594, 44.8067896183908, 342.816
-122.739975674116, 44.7015548623705, 342.193
-122.786742331679, 44.4874875808932, 342.272
-122.78741876953, 44.6842405969569, 342.353
-122.703379569628, 44.4650015219144, 342.77
-122.709039656986, 44.7633915245619, 344.426
-122.627448595104, 44.5832781921425, 346.893
-122.713377851774, 44.7541722403806, 342.806
-122.671742761274, 44.6750213127756, 343.552
-122.962390697933, 44.4449889294234, 343.863
-122.731026251806, 44.8641290687865, 336.733
-122.738390992985, 44.7366331143772, 336.489
-122.695793283388, 44.6041902269927, 339.385
-122.716654225305, 44.5398800983136, 340.208
-122.722521985081, 44.5367320500565, 339.044
-122.737465869062, 44.5266133235161, 336.155
-122.961685759051, 44.4191299615979, 335.621
-122.706768981147, 44.8400689856793, 334.494
-122.695011719335, 44.8324237256266, 335.332
-122.730070936332, 44.7541722403806, 334.846
-122.706744595907, 44.4823157873281, 337.287
-122.93672985784, 44.4258757792915, 334.826
-122.721618876478, 44.8407435674487, 333.118
-122.710057973616, 44.8157840419823, 331.653
-122.585758083918, 44.7816052323347, 333.718
-122.727556620274, 44.6981819535237, 336.38
-122.920676552598, 44.4225028704446, 517.597
-122.619055971681, 44.8009432430564, 330.628
-122.995734247471, 44.7825046746938, 329.993
-122.715701996949, 44.7766582993594, 333.562
-122.698228889468, 44.6316232189467, 333.622
-122.687483175948, 44.5808047256548, 335.425
-122.69666739349, 44.8607561599397, 368.509
-122.721799668845, 44.5533717337008, 329.448
-122.693321110715, 44.5232404146693, 329.098
-122.667550928007, 44.719993430733, 333.57
-122.730777784044, 44.5333591412097, 326.781
-122.719137139075, 44.4784931573017, 327.845
-122.778370194406, 44.4856886961749, 326.493
-122.919117644341, 44.4733213637366, 325.608
-122.695028820757, 44.5650644843697, 325.042
-122.681655969074, 44.5607921331637, 341.871
-122.846626057017, 44.5450518918786, 325.616
-122.651639223452, 44.42744980342, 326.504
-122.586558356411, 44.434870202883, 324.316
-122.704829042739, 44.6140840929433, 322.739
-122.724179876785, 44.7566457068683, 324.215
-122.667510089491, 44.7665395728189, 319.918
-123.114846595641, 44.8398441250895, 317.292
-122.994171280893, 44.7883510500283, 319.571
-122.727429342609, 44.7418049079424, 317.442
-122.720804375535, 44.6898621117015, 316.359
-122.831630968084, 44.5340337229791, 316.539
-122.866587629773, 44.4373436693706, 490.17
-123.122489488371, 44.8481639669117, 314.769
-122.677432139047, 44.6723229856981, 375.452
-122.734913139787, 44.5376314924157, 314.506
-122.98411437875, 44.7883510500283, 314.789
-122.710721291957, 44.5349331653382, 313.271
-122.764181004658, 44.5290867900038, 312.762
-122.838498210622, 44.420029403957, 311.293
-122.711509753045, 44.6867140634445, 313.172
-122.665719448389, 44.8058901760317, 309.896
-122.639129190387, 44.7984697765687, 311.445
-122.7173778179, 44.7624920822028, 308.813
-122.655742089844, 44.7109990071415, 313.128
-122.707362004859, 44.8650285111457, 307.989
-123.09917526055, 44.8398441250895, 308.816
-122.723436564236, 44.7800312082062, 309.528
-122.955868419629, 44.4449889294234, 308.721
-123.108292783226, 44.8434418945261, 305.551
-122.718302975867, 44.5308856747221, 307.452
-122.734083089836, 44.7584445915866, 305.082
-122.745774833239, 44.7325856237611, 309.465
-122.7632554925, 44.4798423208404, 306.299
-122.926679932567, 44.4724219213774, 305.499
-122.645010923287, 44.8198315325986, 563.863
-122.98917781717, 44.7849781411815, 303.803
-122.724046347591, 44.4474623959111, 306.486
-122.633398032787, 44.7141470553985, 302.81
-122.695726300825, 44.4917599320991, 304.543
-122.771618670735, 44.4850141144055, 305.618
-123.119256460106, 44.842542452167, 304.103
-122.67047824141, 44.7658649910496, 318.94
-122.717447571716, 44.6932350205483, 305.79
-122.948305667731, 44.4440894870642, 305.536
-122.672598069011, 44.7609180580743, 302.437
-122.735937961845, 44.5423535648012, 302.921
-122.732341395653, 44.4742208060957, 302.279
-122.986634646721, 44.7800312082062, 302.471
-122.689999901916, 44.7507993315338, 299.673
-122.727537581701, 44.7418049079423, 317.54
-122.704136845607, 44.6192558865084, 304.416
-122.708319311714, 44.5675379508574, 298.856
-122.831530289966, 44.4557822377332, 370.987
-122.64499873234, 44.716845382476, 299.562
-122.677581993809, 44.8049907336725, 295.833
-122.755897180315, 44.7350590902487, 295.7
-122.999329023568, 44.7923985406444, 295.564
-122.780046222535, 44.688288087573, 298.183
-123.108329611299, 44.8540103422461, 294.6
-123.100019833657, 44.8474893851423, 298.702
-122.745981260035, 44.7350590902487, 304.151
-122.766619984133, 44.7341596478896, 294.845
-122.719249278733, 44.4859135567646, 295.446
-122.658249067179, 44.7723859481534, 293.4
-122.601682924377, 44.4326215969851, 292.57
-123.106486521396, 44.8582826934521, 293.325
-122.762473303965, 44.7258398060675, 291.914
-122.83744979654, 44.4341956211136, 292.806
-122.625856445957, 44.7991443583381, 295.463
-122.699095760106, 44.6826665728283, 290.404
-122.716586497135, 44.8274767926512, 290.459
-122.634235412498, 44.4267752216506, 294.397
-123.106509696431, 44.865703092915, 293.818
-123.083203874115, 44.8357966344734, 289.539
-122.839192479616, 44.5441524495195, 289.63
-122.728194925594, 44.5232404146693, 289.053
-123.113196953235, 44.8582826934521, 286.1
-123.09006191797, 44.8375955191917, 286.047
-122.683222921963, 44.810837109007, 290.578
-122.727509380691, 44.7633915245619, 288.529
-122.842492294703, 44.4301481304974, 286.72
-122.683252455212, 44.8031918489542, 285.346
-122.63150748078, 44.8025172671849, 285.971
-122.855149383446, 44.5432530071603, 286.501
-122.744122428795, 44.5324596988506, 287.057
-122.735783728563, 44.5158200152063, 286.686
-122.9415653197, 44.4508353047578, 455.862
-122.942454053007, 44.4409414388072, 288.491
-122.730733367737, 44.8373706586019, 284.195
-123.073408964525, 44.830849701498, 287.243
-122.725035162138, 44.8207309749576, 285.804
-122.723343803777, 44.7341596478896, 285.974
-122.815930671276, 44.6799682457509, 284.315
-123.129090570364, 44.8567086693236, 286.158
-122.725767479586, 44.5524722913417, 325.158
-122.945802726357, 44.4618534736574, 285.246
-122.699976015544, 44.4366690876012, 395.784
-123.118293461742, 44.8632296264274, 286.616
-122.724949727415, 44.842542452167, 299.731
-123.105725927673, 44.8357966344734, 281.704
-122.694132767322, 44.5891245674769, 282.498
-122.712362117514, 44.4856886961749, 281.2
-122.704947707484, 44.6900869722913, 282.449
-122.7181891065, 44.5691119749859, 282.418
-122.707512372512, 44.4958074227153, 288.906
-122.753349561372, 44.7409054655832, 280.7
-122.769035761111, 44.7224668972207, 283.146
-122.745990247591, 44.5066007310251, 280.365
-122.739222612833, 44.4766942725834, 281.743
-122.726561989617, 44.8083636425193, 285.691
-122.861691470968, 44.5293116505935, 280.096
-122.731815605786, 44.4526341894762, 281.044
-122.724936297185, 44.7292127149143, 280.125
-122.730753796517, 44.8308497014981, 280.049
-122.763259120688, 44.7393314414547, 276.982
-122.736583290443, 44.5533717337008, 276.613
-122.677598393478, 44.8049907336725, 295.813
-122.756619467981, 44.5250392993876, 277.523
-122.729261996167, 44.5124471063595, 277.968
-122.72076667995, 44.7024543047296, 275.173
-122.764901032348, 44.4683744307613, 281.707
-122.734157568974, 44.7314613208121, 274.734
-122.772451643076, 44.6900869722913, 274.073
-122.68996446043, 44.5940715004523, 276.573
-122.764981029986, 44.5342585835689, 276.693
-122.774042113782, 44.5324596988506, 273.477
-122.742529788675, 44.8324237256266, 277.357
-122.625086771864, 44.7714865057943, 274.691
-122.767529271524, 44.7298872966836, 273.568
-122.689219574181, 44.6774947792632, 278.937
-122.861721627132, 44.4733213637366, 274.806
-122.621848961832, 44.4299232699077, 272.702
-122.615831821809, 44.4182305192387, 274.491
-122.829164615476, 44.6858146210854, 274.885
-122.721726502369, 44.8049907336725, 274.203
-122.720785476454, 44.4692738731204, 275.855
-122.73418712742, 44.4240768945732, 273.887
-123.079891371265, 44.8299502591389, 270.046
-122.748275317653, 44.7449529561994, 271.282
-122.746794578361, 44.5275127658753, 278.435
-122.658454327547, 44.7224668972207, 270.71
-122.94828899457, 44.4258757792915, 270.83
-122.615664961012, 44.7548468221499, 504.66
-122.735100246466, 44.7674390151781, 270.264
-122.773250996377, 44.7375325567364, 268.444
-122.823293358005, 44.6817671304692, 267.622
-122.705741910304, 44.5841776345016, 270.756
-122.6998893567, 44.5801301438854, 271.158
-122.650050943434, 44.7732853905126, 273.824
-123.06835758181, 44.8391695433202, 265.703
-122.775123656176, 44.7301121572734, 266.868
-122.844921916231, 44.5358326076974, 266.995
-122.708254947459, 44.5167194575655, 267.781
-122.669970612681, 44.4209288463162, 267.014
-123.098420305826, 44.8582826934521, 267.562
-122.776769009066, 44.7240409213492, 264.794
-122.699847225328, 44.5931720580931, 269.166
-122.749832900626, 44.5374066318259, 264.955
-122.739111265911, 44.7723859481534, 265.052
-122.671645949274, 44.7008802806011, 267.164
-122.708241778944, 44.5915980339646, 263.414
-122.740626267868, 44.4557822377332, 263.77
-122.970724549166, 44.4182305192387, 263
-122.737420017367, 44.8465899427831, 264.251
-122.701670188501, 44.5850770768607, 264.931
-122.726634612892, 44.4508353047579, 300.677
-123.089051918402, 44.8474893851423, 262.712
-122.760122405277, 44.74427837443, 261.311
-122.724961678509, 44.4883870232523, 259.3
-122.863215827638, 44.440041996448, 462.042
-122.765035813196, 44.4476872565008, 262.559
-122.762448916735, 44.4382431117298, 263.814
-123.085908657672, 44.8441164762955, 262.839
-122.677496312236, 44.6723229856981, 376.112
-122.799911887506, 44.4175559374694, 263.164
-123.085036136774, 44.8517617363482, 258.777
-123.00424092348, 44.8274767926512, 257.819
-123.054963525011, 44.8259027685227, 257.406
-122.670058188898, 44.7258398060675, 258.56
-122.71308689744, 44.5133465487187, 260.81
-122.731738887987, 44.8508622939891, 257.298
-122.749959955799, 44.7575451492274, 260.727
-122.714941529365, 44.7307867390428, 259.688
-122.71330510989, 44.5884499857076, 255.715
-122.712652881447, 44.5808047256548, 257.952
-122.858379553425, 44.49086048974, 260.174
-122.71232730285, 44.424301755163, 257.29
-123.096582375879, 44.8641290687865, 256.594
-122.97582291944, 44.7800312082062, 254.875
-123.061751389951, 44.8250033261636, 253.348
-122.769134887137, 44.7424794897117, 259.291
-122.730766526624, 44.6174570017901, 257.859
-122.692420077608, 44.4191299615979, 252.231
-122.745104255233, 44.7624920822028, 257.545
-122.82578226727, 44.5250392993876, 255.022
-122.700841174653, 44.8074642001602, 255.387
-122.837421694139, 44.6934598811381, 251.551
-122.944066388538, 44.431722154626, 250.698
-123.067618661423, 44.838270100961, 265.367
-122.684101286765, 44.6934598811381, 250.456
-122.749895554378, 44.5466259160072, 257.425
-122.740832467429, 44.4283492457792, 257.856
-122.75076723179, 44.8515368757585, 250.215
-122.679283103698, 44.7265143878368, 250.096
-122.699160301184, 44.4209288463162, 248.928
-123.056724470932, 44.8409684280385, 247.699
-123.046703984394, 44.8339977497551, 249.91
-122.782498614104, 44.7283132725551, 247.9
-122.805132042119, 44.5358326076974, 250.68
-122.716817508556, 44.4566816800923, 248.676
-123.085864910663, 44.8441164762955, 263.164
-123.03828203315, 44.8375955191917, 248.641
-122.974324599732, 44.7750842752308, 248.438
-122.674917599402, 44.719993430733, 248.845
-122.860004347097, 44.4883870232523, 255.724
-123.089097694006, 44.8607561599397, 245.289
-122.740725202089, 44.8117365513661, 251.785
-122.972433299155, 44.7523733556624, 247.096
-122.685973321686, 44.6891875299322, 252.634
-122.70232354251, 44.5398800983135, 248.561
-123.068387428099, 44.8474893851423, 246.535
-122.733333009657, 44.8148845996232, 244.584
-123.008457834319, 44.8090382242887, 247.542
-122.784139675161, 44.724265781939, 244.853
-122.724878272312, 44.5940715004522, 248.273
-123.076564848874, 44.8391695433202, 243.138
-122.812579317064, 44.525713881157, 245.468
-122.699862743556, 44.5207669481816, 243.807
-122.745865808221, 44.5191929240531, 245.785
-122.745749311045, 44.5117725245902, 244.986
-122.734229380695, 44.454882795374, 266.508
-123.040802775814, 44.830849701498, 243.833
-122.989864248263, 44.7923985406444, 242.677
-122.692685668263, 44.771711366384, 243.313
-122.689047596103, 44.7258398060675, 242.361
-122.612480910345, 44.71257303127, 245.716
-122.857360464726, 44.4641020795553, 242.703
-122.744987758745, 44.8074642001602, 245.598
-122.747486563155, 44.5558452001884, 241.678
-122.734989220544, 44.5099736398719, 241.682
-122.874779985268, 44.4625280554268, 241.957
-122.743356156264, 44.8607561599397, 242.165
-123.079606418374, 44.8558092269644, 242.682
-122.681847930229, 44.7175199642453, 242.657
-122.690794961656, 44.7166205218862, 247.743
-122.751569516497, 44.7674390151781, 244.439
-122.787544496923, 44.7382071385058, 240.168
-122.829313346488, 44.4575811224514, 366.178
-122.760920434429, 44.7523733556624, 245.831
-122.716732164659, 44.633422103665, 239.312
-123.075915934517, 44.8474893851423, 243.205
-122.755041734911, 44.7507993315338, 239.373
-122.708210451139, 44.6975073717543, 241.458
-122.858271802102, 44.5266133235161, 250.591
-123.049111129281, 44.8400689856793, 238.254
-122.691595262461, 44.7215674548615, 240.412
-122.665161819008, 44.6950339052666, 315.971
-122.762412840199, 44.5540463154701, 236.685
-122.786664579308, 44.5299862323629, 237.897
-122.749111989802, 44.8265773502921, 235.412
-122.741737322267, 44.8225298596759, 242.371
-122.750937090428, 44.783404117053, 236.231
-122.665822499587, 44.7433789320709, 237.744
-122.676523290546, 44.6900869722913, 235.669
-123.022467894219, 44.4690490125306, 248.419
-123.025000043836, 44.835122052704, 236
-122.587417642429, 44.7926234012342, 235.822
-122.619254689609, 44.7132476130394, 234.871
-122.682346921793, 44.7042531894479, 234.212
-122.660717657163, 44.7890256317976, 233.638
-122.746715466602, 44.771711366384, 233.572
-122.722608836178, 44.5832781921425, 235.509
-122.929881391193, 44.4816412055587, 235.561
-122.735836691639, 44.8265773502921, 235.453
-122.964054187172, 44.7825046746938, 232.845
-122.970967168947, 44.7708119240249, 232.78
-122.771736986646, 44.7483258650462, 233.624
-122.749190701134, 44.7058272135764, 238.633
-122.731656083719, 44.5900240098361, 232.845
-122.828285186951, 44.5434778677501, 232.929
-122.584176350406, 44.771711366384, 233.507
-122.667364802588, 44.7092001224232, 233.319
-123.053305522238, 44.8468148033729, 231.599
-122.609997485682, 44.7941974253627, 229.642
-122.625723698442, 44.7800312082062, 230.667
-122.624975249983, 44.7166205218862, 233.419
-122.725140818743, 44.7067266559356, 231.763
-122.729155684436, 44.5801301438854, 230.792
-122.758124852263, 44.5167194575655, 231.826
-122.71415930345, 44.5016537980497, 233.85
-123.07156595175, 44.8641290687865, 228.857
-122.581535144211, 44.7914990982853, 228.968
-122.61485549867, 44.7917239588751, 230.052
-122.735032721305, 44.6583816291313, 229.176
-122.764872544481, 44.5342585835689, 276.201
-122.914302818848, 44.479167739071, 230.499
-123.020956221007, 44.8299502591389, 227.956
-122.600757254911, 44.7941974253627, 228.654
-122.744144268851, 44.7858775835406, 232.042
-122.759866205128, 44.7584445915866, 229.597
-122.72412960255, 44.4949079803561, 231.328
-122.702370698068, 44.4566816800923, 230.487
-122.815826829539, 44.423177452214, 227.741
-123.038209860498, 44.8083636425193, 229.112
-122.630771739605, 44.7840786988223, 227.805
-122.640716399044, 44.7773328811287, 229.18
-122.714080420361, 44.7458523985585, 228.164
-122.794988895128, 44.5641650420106, 227.95
-122.857576312285, 44.4782682967119, 227.356
-123.077458270802, 44.862555044658, 226.117
-122.794114539859, 44.7298872966836, 228.381
-122.741528117296, 44.5924974763237, 230.643
-122.732541383397, 44.4825406479178, 226.757
-123.034088244895, 44.8299502591389, 224.852
-122.580777086637, 44.7651904092802, 224.886
-122.959996942924, 44.7557462645092, 227.754
-122.709279968494, 44.7332602055304, 226.95
-122.775930790993, 44.5558452001884, 226.493
-122.849142378438, 44.5542711760599, 226.525
-122.795002182274, 44.423177452214, 227.057
-123.060103565049, 44.8490634092708, 223.643
-122.695007485491, 44.7166205218862, 229.826
-122.782412634652, 44.5385309347748, 223.796
-123.020759076485, 44.8416430098078, 223.621
-123.060010214649, 44.8166834843415, 222.493
-122.634143979585, 44.7798063476164, 222.583
-122.960134026782, 44.7507993315338, 226.443
-122.703372149816, 44.7159459401168, 223.517
-122.674132288231, 44.7123481706803, 223.534
-122.731582426282, 44.5859765192199, 224.233
-123.042562467573, 44.8474893851423, 223.461
-122.755714357219, 44.810837109007, 222.704
-122.884015730191, 44.6676009133126, 222.235
-122.737499539052, 44.5981189910684, 222
-123.070732912446, 44.8585075540419, 220.791
-122.724282815734, 44.7208928730921, 223.219
-122.590085131802, 44.7674390151781, 221.467
-122.614214977591, 44.4265503610608, 222.357
-122.814123831868, 44.4184553798285, 219.938
-123.131598576122, 44.8490634092708, 219.485
-122.750730074434, 44.7766582993594, 223.298
-122.589066893254, 44.7624920822028, 219.845
-122.792379853312, 44.7409054655832, 219
-122.748281786047, 44.597444409299, 222.995
-122.735842828865, 44.5776566773978, 218.599
-122.861680749327, 44.5490993824948, 222.169
-122.825885115495, 44.4373436693706, 219.69
-122.589817652705, 44.7748594146411, 220.616
-122.799987827575, 44.734834229659, 219.719
-122.710793784859, 44.7258398060675, 218.874
-122.703404725678, 44.5259387417467, 217.848
-123.031738875639, 44.8474893851423, 219.366
-122.999159949321, 44.8232044414453, 217.478
-122.707321898436, 44.7382071385058, 218.57
-122.796657268137, 44.7240409213492, 216.907
-122.747648532166, 44.8151094602129, 215.822
-122.597456856628, 44.7667644334087, 215.994
-122.801715204849, 44.7276386907858, 216.121
-122.74569005181, 44.5891245674769, 216.522
-122.767457772991, 44.8643539293763, 215.669
-123.133510017021, 44.8607561599397, 214.769
-122.596759190918, 44.7723859481534, 214.97
-122.936548551479, 44.4850141144055, 217.279
-122.975805783371, 44.4499358623987, 215.361
-123.02331023352, 44.8483888275014, 214.706
-122.878368172545, 44.6624291197475, 215.258
-122.722475035451, 44.5992432940173, 217.226
-122.837332523092, 44.5549457578293, 213.841
-122.846774595, 44.5315602564914, 214.565
-122.792392238149, 44.5259387417467, 217.587
-122.83989052214, 44.5191929240531, 219.353
-122.599270269504, 44.7775577417185, 215.698
-122.64325595274, 44.7233663395798, 212.697
-122.979897740811, 44.5090741975127, 213.033
-122.599206143242, 44.7899250741568, 212.683
-122.692467702111, 44.7049277712173, 212.426
-122.739090887872, 44.5592181090352, 214.957
-122.813427318715, 44.4991803315621, 212.251
-123.033485559036, 44.8582826934521, 213.32
-122.756738108741, 44.8191569508291, 219.682
-122.604815322741, 44.771711366384, 210.815
-122.695702714015, 44.6041902269927, 338.633
-122.789166932279, 44.5416789830318, 213.909
-122.795778977233, 44.4958074227153, 212.712
-122.976605492394, 44.8551346451951, 212.136
-122.75568417509, 44.8241038838044, 210.61
-123.055746508382, 44.8133105754946, 214.283
-122.669957081821, 44.751698773893, 211.635
-122.730799486728, 44.5749583503203, 213.762
-122.800869819346, 44.4958074227153, 212.587
-122.803453713769, 44.4258757792915, 212.999
-122.722645950494, 44.4175559374694, 211.157
-122.756778680107, 44.8025172671849, 210.392
-122.613285891111, 44.7773328811287, 209.595
-122.753318069209, 44.7649655486904, 231.524
-122.7682577879, 44.7692378998964, 211.482
-122.781581054384, 44.6842405969568, 349.057
-122.875752226353, 44.6700743798003, 209.05
-122.753510139286, 44.5817041680139, 211.31
-122.789015969922, 44.7492253074053, 207.422
-122.728996782573, 44.636570151922, 212.41
-122.752424013366, 44.601716760505, 207.513
-122.754982776839, 44.5884499857076, 207.974
-122.74606718945, 44.5841776345016, 208.97
-123.05087805373, 44.8582826934521, 211.894
-122.984211285497, 44.8508622939891, 206.451
-122.642409635119, 44.7818300929245, 208.78
-122.611820332188, 44.7726108087432, 206.599
-122.733470252795, 44.6032907846335, 209.087
-122.945840181301, 44.5041272645374, 209.386
-122.804960338824, 44.4991803315621, 209.522
-122.945676231794, 44.4618534736574, 284.908
-123.052533685236, 44.8641290687865, 209.683
-123.130665798641, 44.8409684280385, 209.99
-122.753335463194, 44.8391695433202, 205.958
-123.043522154538, 44.8148845996232, 205.005
-122.614072734334, 44.7849781411815, 206.751
-122.799977624769, 44.7415800473526, 205.992
-122.734909093901, 44.621729352996, 209.349
-122.773447931985, 44.5533717337008, 224.108
-122.774967464807, 44.5200923664123, 207.885
-122.824306523963, 44.5167194575655, 211.348
-122.797479165069, 44.5016537980497, 207.851
-122.743437775885, 44.4832152296872, 209.486
-122.635085224606, 44.7208928730922, 207.142
-123.016554038058, 44.6541092779254, 205.53
-122.792517078831, 44.5333591412097, 207.556
-122.764167825432, 44.8342226103449, 204.93
-122.680810537853, 44.7393314414547, 204.764
-122.652521997388, 44.7350590902487, 204.547
-122.756534525039, 44.4659009642736, 203.854
-123.058274048498, 44.8607561599397, 206.175
-122.762555042717, 44.8515368757585, 203.924
-122.617441954205, 44.7807057899755, 202.485
-122.809081067043, 44.7314613208121, 202.676
-122.757485472639, 44.5983438516582, 203.732
-122.775889227564, 44.865703092915, 204.669
-122.775911349291, 44.8549097846053, 201.527
-123.013535914911, 44.8508622939891, 201.862
-122.750024965168, 44.8216304173168, 204.574
-122.67412060545, 44.7741848328717, 202.859
-122.705883252336, 44.7224668972207, 204.666
-122.857452264924, 44.6750213127756, 203.821
-122.759004879984, 44.5850770768608, 205.37
-122.977416729114, 44.8499628516299, 200.582
-123.013296642497, 44.8049907336725, 200.79
-122.706715666567, 44.7424794897117, 206.377
-122.69914799208, 44.7341596478896, 201.914
-122.866672936283, 44.6725478462879, 203.804
-122.80674751839, 44.4490364200396, 202.173
-123.045797880483, 44.8558092269644, 199.871
-123.033394074498, 44.8209558355474, 199.789
-122.777499683671, 44.6966079293951, 200.859
-122.850763429855, 44.5598926908046, 202.465
-122.781640350365, 44.518293481694, 200.668
-122.682543353153, 44.7732853905125, 202.611
-122.980021768692, 44.7449529561994, 199.523
-122.772510386214, 44.5958703851705, 205.312
-122.994107555628, 44.4425154629357, 200.66
-122.761620733111, 44.8391695433202, 198.897
-122.619942162026, 44.7883510500283, 199.644
-122.659894081001, 44.7341596478896, 200.611
-122.874935733502, 44.6750213127756, 201.523
-122.775815080021, 44.6125100688148, 200.838
-122.769875834317, 44.5000797739212, 202.418
-122.809954979137, 44.4391425540889, 202.661
-122.639123677871, 44.7840786988223, 199.45
-122.611719861958, 44.7840786988223, 204.435
-122.660761250385, 44.7782323234879, 196.63
-122.695867658847, 44.6041902269927, 339.097
-122.805179751851, 44.5041272645374, 202.258
-122.810740675915, 44.4566816800923, 196.848
-122.790019052273, 44.4425154629357, 201.435
-123.019883472527, 44.8157840419823, 196.255
-122.808395929665, 44.7382071385058, 198.081
-122.97003185305, 44.8517617363482, 194.678
-122.971819892909, 44.7966708918504, 196.758
-122.955755119639, 44.7624920822028, 196.876
-122.669127383212, 44.7341596478896, 195.934
-122.655900361471, 44.727413830196, 195.418
-122.767428292696, 44.6084625781986, 197.106
-122.762525968168, 44.6032907846335, 195.626
-122.805084254097, 44.5666385084982, 197.17
-122.783408935938, 44.5592181090352, 196.994
-122.782610038838, 44.5533717337008, 195.986
-122.867443043131, 44.4634274977859, 194.974
-122.627533645242, 44.7908245165159, 194.857
-122.704984931311, 44.7476512832768, 195.291
-122.745726624837, 44.5749583503203, 198.145
-122.817476765024, 44.4674749884021, 196.688
-122.764180310902, 44.4283492457791, 194.577
-122.792563790666, 44.4283492457792, 196.071
-122.990790215923, 44.8573832510929, 195.063
-123.004266756993, 44.8407435674487, 192.835
-122.639168896813, 44.7899250741568, 193.548
-122.772409320967, 44.6023913422744, 193.369
-122.787352407613, 44.5225658328999, 195.651
-122.774984111409, 44.5117725245902, 199.14
-122.905029761343, 44.4825406479178, 194.575
-123.02755341426, 44.842542452167, 192.882
-122.998467309274, 44.8133105754946, 195.391
-122.984228720877, 44.7883510500283, 314.701
-122.953451078832, 44.7672141545883, 191.859
-122.886741081191, 44.6676009133126, 218.582
-122.713281127873, 44.5232404146693, 192.823
-123.047544178117, 44.8549097846053, 206.409
-122.799964501947, 44.748550725636, 190.957
-122.765745085134, 44.5940715004522, 192.686
-122.759248966173, 44.8299502591389, 191.887
-122.768365290525, 44.8241038838044, 191.26
-123.019999424776, 44.803416709544, 192.497
-122.71587396149, 44.7932979830036, 192.716
-122.762489075958, 44.7816052323347, 189.754
-122.763287568956, 44.5906985916054, 192.964
-122.830122870533, 44.5540463154701, 189.565
-122.766749582632, 44.5083996157434, 190.41
-123.053304409519, 44.8175829267006, 189.674
-123.009290283225, 44.8157840419823, 188.582
-122.681617542408, 44.7800312082062, 192.25
-123.004955124086, 44.8483888275014, 188.46
-122.628191608512, 44.420029403957, 187
-122.70590973324, 44.7831792564632, 187.371
-122.764141940126, 44.7692378998964, 200.691
-122.740047769674, 44.727413830196, 189.436
-122.889075089911, 44.6599556532599, 190.816
-122.7308123079, 44.6507363690786, 188.589
-122.757458011348, 44.6100366023271, 186.656
-122.739217014678, 44.5641650420106, 191.794
-122.799994043697, 44.5066007310251, 190.419
-122.797585352148, 44.4382431117298, 191.956
-122.765873007206, 44.8040912913134, 185.098
-122.672491621117, 44.7892504923874, 192.001
-122.651647812055, 44.7825046746938, 187.916
-122.799012761474, 44.5567446425476, 186.067
-122.793430683972, 44.8650285111457, 184.992
-123.040061677842, 44.8609810205295, 184.736
-122.941673939734, 44.8567086693236, 185.797
-122.868389813414, 44.6676009133126, 186.758
-122.726776396997, 44.6568076050028, 187.065
-122.840826769296, 44.4798423208404, 186.798
-122.834078703658, 44.4751202484549, 187.931
-122.759158916519, 44.4209288463162, 184.061
-122.778508382387, 44.8250033261636, 183.772
-122.852400598679, 44.6649025862352, 185.735
-122.717346021665, 44.6257768436122, 184.285
-122.829293477752, 44.5333591412097, 309.483
-122.826652908358, 44.4742208060957, 185.496
-122.938472988988, 44.4715224790183, 187.55
-122.782478389839, 44.8558092269644, 185.706
-122.77005186352, 44.7611429186641, 183.938
-122.772540472938, 44.75484682215, 182.653
